{
    "types": [
      "KIRC",
      "STAD",
      "READ",
      "SKCM",
      "COAD",
      "OV",
      "LUAD",
      "PRAD",
      "HNSC",
      "BLCA",
      "KIRP",
      "LGG",
      "LUSC",
      "LIHC",
      "UCEC",
      "ESCA",
      "SARC",
      "BRCA",
      "CESC",
      "PCPG",
      "GBM",
      "MESO",
      "PAAD",
      "ACC",
      "THCA",
      "THYM",
      "TGCT",
      "UCS",
      "KICH",
      "DLBC",
      "UVM",
      "CHOL"
    ],
    "correlationMatrix": [
      [
        1,
        0.7780429409955633,
        0.8137354770697893,
        0.7749539601501378,
        0.8290891875867545,
        0.822830277642876,
        0.8246800845379358,
        0.8386915924725981,
        0.794224594474958,
        0.8945680934808958,
        0.9841922521121467,
        0.7749614293490882,
        0.8179041535109178,
        0.8225593434830393,
        0.8167933984722262,
        0.7603267654481703,
        0.8733916698456816,
        0.7965686357060074,
        0.8050197584026474,
        0.8397199669031149,
        0.7823712174716297,
        0.7868229729946775,
        0.8099401929596878,
        0.8662018560032364,
        0.7880710630041402,
        0.7599570630022617,
        0.7897419694780503,
        0.8108860124443308,
        0.9840385391273488,
        0.7598212575788519,
        0.7765418738466595,
        0.804189143729129
      ],
      [
        0.7780429409955633,
        1,
        0.890313487908806,
        0.7861639648348926,
        0.9124484800337601,
        0.8421256179600949,
        0.8370162554656401,
        0.7924402213759129,
        0.8350869800956262,
        0.8196385471448203,
        0.781317765396615,
        0.7536754674208459,
        0.8271983166244772,
        0.8349056886140792,
        0.8305340921513971,
        0.934952454679225,
        0.8346665334153397,
        0.8272428338290851,
        0.8179970470300637,
        0.7588790005589193,
        0.7497497699102467,
        0.7896424543948998,
        0.8877393755320506,
        0.781556787203906,
        0.7837858390137791,
        0.7764640835884568,
        0.7344036013116749,
        0.8241388437842281,
        0.7769793422095063,
        0.7714329873836213,
        0.721551205081877,
        0.8278115242594105
      ],
      [
        0.8137354770697893,
        0.890313487908806,
        1,
        0.7867827083458447,
        0.9794591520854808,
        0.8373102820930534,
        0.830494612167842,
        0.8332095078516238,
        0.8111467321330728,
        0.8450062811464047,
        0.8173856931276366,
        0.7578582668397333,
        0.8204163636676652,
        0.8122352827804681,
        0.8293726461328614,
        0.8468660430905238,
        0.8668949892331905,
        0.8125575739273304,
        0.833571189905042,
        0.7499654598681728,
        0.7569257950314828,
        0.7792646769013699,
        0.8456842434763239,
        0.7799273991812014,
        0.7585858949013745,
        0.7291964134949429,
        0.756029765436769,
        0.8222595036940165,
        0.8129057838453877,
        0.7636364462547155,
        0.7309464257562823,
        0.8127032059261109
      ],
      [
        0.7749539601501378,
        0.7861639648348926,
        0.7867827083458447,
        1,
        0.8050596041240464,
        0.7566322486464736,
        0.8148445398950542,
        0.758740723666892,
        0.8108232267047902,
        0.7807713099959194,
        0.782941587842464,
        0.7682195141725323,
        0.8201751811085591,
        0.7627765954283798,
        0.7564993814167449,
        0.7771419444388767,
        0.8401281230221823,
        0.820902794021225,
        0.7902299361229961,
        0.7589673807047742,
        0.7715670391611222,
        0.807631740182336,
        0.7676010331835496,
        0.7635411218873424,
        0.7566911471926232,
        0.7574990037923816,
        0.7313622026023773,
        0.758937367688354,
        0.785683818187161,
        0.7644795744458626,
        0.8299253585317764,
        0.7521629667201353
      ],
      [
        0.8290891875867545,
        0.9124484800337601,
        0.9794591520854808,
        0.8050596041240464,
        1,
        0.864615226551417,
        0.8595494700368943,
        0.8430538519478599,
        0.8329161317724424,
        0.8593660455467581,
        0.8313222509704424,
        0.7729363548148156,
        0.8461238861371362,
        0.8420124887148839,
        0.8560862382227217,
        0.8679537078183469,
        0.8816964928833474,
        0.8337457139965614,
        0.8509591428753466,
        0.7761725122500688,
        0.7703918302770807,
        0.8099053416114375,
        0.8778046838369932,
        0.8050660985352318,
        0.7844555823775604,
        0.7618959119381153,
        0.7619940393068407,
        0.8492371845248486,
        0.8327717300556423,
        0.7949842917812505,
        0.7553929785380692,
        0.8416877571276541
      ],
      [
        0.822830277642876,
        0.8421256179600949,
        0.8373102820930534,
        0.7566322486464736,
        0.864615226551417,
        1,
        0.8276585380054048,
        0.8191906082846263,
        0.8358584332065923,
        0.8662387524906257,
        0.8254954345977532,
        0.7658598571688924,
        0.8168397791265264,
        0.8121717857567962,
        0.9706431912973505,
        0.8220889304369435,
        0.8911957588489742,
        0.8435904316332018,
        0.9050734741688736,
        0.8030498390398585,
        0.7672397082880251,
        0.8216328524949669,
        0.8650724960610496,
        0.8032653566804493,
        0.8081673744409595,
        0.7760170044439212,
        0.7907023704164737,
        0.9632459499591443,
        0.8281496414775952,
        0.7688455569976089,
        0.7677531173894785,
        0.8045289019518055
      ],
      [
        0.8246800845379358,
        0.8370162554656401,
        0.830494612167842,
        0.8148445398950542,
        0.8595494700368943,
        0.8276585380054048,
        1,
        0.8291043237629884,
        0.8810138605032655,
        0.8477716481440398,
        0.8332221154220388,
        0.7889987101717258,
        0.9882946492274111,
        0.8347550831866516,
        0.8391472237182758,
        0.8594988347359669,
        0.8715481287730688,
        0.8814866414876407,
        0.8365603276820592,
        0.7898020668569042,
        0.7927018980782524,
        0.9171334178597994,
        0.8468989028180448,
        0.8019614149228508,
        0.8416055077727981,
        0.8510877942926682,
        0.7449248043231406,
        0.8312371342670241,
        0.8326181880604886,
        0.8227248205650315,
        0.7792559487657665,
        0.8199962195672837
      ],
      [
        0.8386915924725981,
        0.7924402213759129,
        0.8332095078516238,
        0.758740723666892,
        0.8430538519478599,
        0.8191906082846263,
        0.8291043237629884,
        1,
        0.8232110768131196,
        0.9272986842683089,
        0.845516323940332,
        0.7563621240042084,
        0.8186713831965564,
        0.788226880052081,
        0.8255767439477361,
        0.8046564513732197,
        0.8422073077651311,
        0.81235316675472,
        0.8210480418000661,
        0.790140642825411,
        0.7660072923365743,
        0.7926372032011212,
        0.8332073291882486,
        0.8027566406820174,
        0.7914436966819006,
        0.7259886487690427,
        0.8221733751188072,
        0.8063814147085011,
        0.8392731061255377,
        0.7604691148876225,
        0.7385647236338005,
        0.7802167068625995
      ],
      [
        0.794224594474958,
        0.8350869800956262,
        0.8111467321330728,
        0.8108232267047902,
        0.8329161317724424,
        0.8358584332065923,
        0.8810138605032655,
        0.8232110768131196,
        1,
        0.8396406613115807,
        0.8021185945529852,
        0.7895580890840587,
        0.893251603396513,
        0.808046005115957,
        0.8419487070676861,
        0.8895606005939896,
        0.8581254627638801,
        0.863208946668308,
        0.8637343513680982,
        0.7795543438308015,
        0.7985859711589646,
        0.8480537862723294,
        0.8506945236113892,
        0.7785057665538184,
        0.8963139949967157,
        0.8271633816165526,
        0.7816011641606434,
        0.8342263822212634,
        0.8006828172339533,
        0.8263669171602583,
        0.7837304198601017,
        0.801805242873476
      ],
      [
        0.8945680934808958,
        0.8196385471448203,
        0.8450062811464047,
        0.7807713099959194,
        0.8593660455467581,
        0.8662387524906257,
        0.8477716481440398,
        0.9272986842683089,
        0.8396406613115807,
        1,
        0.9021748701652423,
        0.7578556077891212,
        0.8453619525767279,
        0.8255545709292073,
        0.8738232167796096,
        0.8248721674235325,
        0.8723862808722013,
        0.8368282453717026,
        0.8727312178654429,
        0.7913674580015012,
        0.7704026406828892,
        0.8082085953740523,
        0.860168224232783,
        0.8092661670942833,
        0.801373129327927,
        0.7484043626394982,
        0.8133041261822531,
        0.8651213213094107,
        0.89741184912809,
        0.7934822107027651,
        0.7693921972903146,
        0.8155268050740742
      ],
      [
        0.9841922521121467,
        0.781317765396615,
        0.8173856931276366,
        0.782941587842464,
        0.8313222509704424,
        0.8254954345977532,
        0.8332221154220388,
        0.845516323940332,
        0.8021185945529852,
        0.9021748701652423,
        1,
        0.7850693743819002,
        0.8266306079555968,
        0.8278196881499628,
        0.8149002374822141,
        0.7671438128730813,
        0.8751788325832448,
        0.8076812410727635,
        0.8102822711382069,
        0.8417316562788628,
        0.7884733350932089,
        0.7992169502929728,
        0.8242997397967161,
        0.8568700690479433,
        0.8085906852711593,
        0.7611650732653285,
        0.7908523786599576,
        0.8068995783524097,
        0.977876391757954,
        0.7600260960078489,
        0.77892650639436,
        0.8059579610689342
      ],
      [
        0.7749614293490882,
        0.7536754674208459,
        0.7578582668397333,
        0.7682195141725323,
        0.7729363548148156,
        0.7658598571688924,
        0.7889987101717258,
        0.7563621240042084,
        0.7895580890840587,
        0.7578556077891212,
        0.7850693743819002,
        1,
        0.7837772252741829,
        0.7618646605505623,
        0.758548001624859,
        0.7480188955714789,
        0.8151713803228019,
        0.7751648171000923,
        0.769656809450331,
        0.8052003393714395,
        0.9664671360645004,
        0.7748387379269405,
        0.7615330801502899,
        0.7709470549126335,
        0.765906829072527,
        0.779790090637175,
        0.7519387827909945,
        0.757069557199735,
        0.7775222564417901,
        0.7928054601979769,
        0.8273876270936461,
        0.7519075842454452
      ],
      [
        0.8179041535109178,
        0.8271983166244772,
        0.8204163636676652,
        0.8201751811085591,
        0.8461238861371362,
        0.8168397791265264,
        0.9882946492274111,
        0.8186713831965564,
        0.893251603396513,
        0.8453619525767279,
        0.8266306079555968,
        0.7837772252741829,
        1,
        0.8324600247489833,
        0.8249465773731861,
        0.8596118935234227,
        0.8695131407906238,
        0.8778608787391359,
        0.8466907327235749,
        0.770841296787272,
        0.7896807835706948,
        0.9144916433054796,
        0.8333569312301,
        0.7793530835865714,
        0.8371471122013303,
        0.8429811283127341,
        0.7497110096448278,
        0.8192315327419205,
        0.8253042442737286,
        0.820023707272503,
        0.7800373834901215,
        0.8140110444088781
      ],
      [
        0.8225593434830393,
        0.8349056886140792,
        0.8122352827804681,
        0.7627765954283798,
        0.8420124887148839,
        0.8121717857567962,
        0.8347550831866516,
        0.788226880052081,
        0.808046005115957,
        0.8255545709292073,
        0.8278196881499628,
        0.7618646605505623,
        0.8324600247489833,
        1,
        0.7927975692106656,
        0.8177573100714808,
        0.8419954861230703,
        0.8192340528996567,
        0.7961780254640541,
        0.7725034489801813,
        0.7666874684613857,
        0.7998555469719251,
        0.8919351601580734,
        0.7895111904843612,
        0.7893320140449267,
        0.7651848368563383,
        0.7354751815139202,
        0.7894113983315847,
        0.8278119532752419,
        0.7833495446378812,
        0.7573101126533854,
        0.9572032357773923
      ],
      [
        0.8167933984722262,
        0.8305340921513971,
        0.8293726461328614,
        0.7564993814167449,
        0.8560862382227217,
        0.9706431912973505,
        0.8391472237182758,
        0.8255767439477361,
        0.8419487070676861,
        0.8738232167796096,
        0.8149002374822141,
        0.758548001624859,
        0.8249465773731861,
        0.7927975692106656,
        1,
        0.8263098088081884,
        0.8844328661091553,
        0.8605344116083179,
        0.9290486585951028,
        0.797183941555075,
        0.7576333694810242,
        0.8134983148641742,
        0.8494513296818975,
        0.8004633181380482,
        0.8171205691719365,
        0.788948571948212,
        0.7844674017608004,
        0.978746639958749,
        0.8253637031464517,
        0.7868530297765605,
        0.7654973984574716,
        0.7882832009442292
      ],
      [
        0.7603267654481703,
        0.934952454679225,
        0.8468660430905238,
        0.7771419444388767,
        0.8679537078183469,
        0.8220889304369435,
        0.8594988347359669,
        0.8046564513732197,
        0.8895606005939896,
        0.8248721674235325,
        0.7671438128730813,
        0.7480188955714789,
        0.8596118935234227,
        0.8177573100714808,
        0.8263098088081884,
        1,
        0.8278638739596913,
        0.8391482375484964,
        0.8364327654066165,
        0.7527697375930288,
        0.7432547125950452,
        0.8246260268002332,
        0.8677012170458698,
        0.7624131565210819,
        0.8256346512238064,
        0.7963814568012118,
        0.7321544794104987,
        0.816600312179614,
        0.7661068575095401,
        0.79067197993999,
        0.728071880376044,
        0.8122447047057985
      ],
      [
        0.8733916698456816,
        0.8346665334153397,
        0.8668949892331905,
        0.8401281230221823,
        0.8816964928833474,
        0.8911957588489742,
        0.8715481287730688,
        0.8422073077651311,
        0.8581254627638801,
        0.8723862808722013,
        0.8751788325832448,
        0.8151713803228019,
        0.8695131407906238,
        0.8419954861230703,
        0.8844328661091553,
        0.8278638739596913,
        1,
        0.85730602241031,
        0.861054198516298,
        0.8431966253989435,
        0.8316921484396352,
        0.8738975001437297,
        0.8565788453861318,
        0.8389051570703248,
        0.8087003766342428,
        0.831689590809546,
        0.8084602636981005,
        0.9069315729446535,
        0.8869045519603872,
        0.8194876569018189,
        0.8014388916216199,
        0.8251196932586542
      ],
      [
        0.7965686357060074,
        0.8272428338290851,
        0.8125575739273304,
        0.820902794021225,
        0.8337457139965614,
        0.8435904316332018,
        0.8814866414876407,
        0.81235316675472,
        0.863208946668308,
        0.8368282453717026,
        0.8076812410727635,
        0.7751648171000923,
        0.8778608787391359,
        0.8192340528996567,
        0.8605344116083179,
        0.8391482375484964,
        0.85730602241031,
        1,
        0.8689936288742067,
        0.7823630643502689,
        0.7789993875278031,
        0.8402587810166975,
        0.8485541678573988,
        0.7944538286566605,
        0.8374754177077836,
        0.8038853409771333,
        0.7584250401642966,
        0.8487317279416313,
        0.804152584837153,
        0.8187093497734382,
        0.7594012840359893,
        0.8162048957332004
      ],
      [
        0.8050197584026474,
        0.8179970470300637,
        0.833571189905042,
        0.7902299361229961,
        0.8509591428753466,
        0.9050734741688736,
        0.8365603276820592,
        0.8210480418000661,
        0.8637343513680982,
        0.8727312178654429,
        0.8102822711382069,
        0.769656809450331,
        0.8466907327235749,
        0.7961780254640541,
        0.9290486585951028,
        0.8364327654066165,
        0.861054198516298,
        0.8689936288742067,
        1,
        0.7646090175976411,
        0.7691478192356478,
        0.8052392076280088,
        0.8106393396947313,
        0.7715047570860882,
        0.8027905096598114,
        0.7682648505543221,
        0.7856624915182089,
        0.9210496394063623,
        0.8111916284660599,
        0.8002525067824475,
        0.7749054646300544,
        0.7867519370129877
      ],
      [
        0.8397199669031149,
        0.7588790005589193,
        0.7499654598681728,
        0.7589673807047742,
        0.7761725122500688,
        0.8030498390398585,
        0.7898020668569042,
        0.790140642825411,
        0.7795543438308015,
        0.7913674580015012,
        0.8417316562788628,
        0.8052003393714395,
        0.770841296787272,
        0.7725034489801813,
        0.797183941555075,
        0.7527697375930288,
        0.8431966253989435,
        0.7823630643502689,
        0.7646090175976411,
        1,
        0.8005244772963952,
        0.7942686188261922,
        0.7938962119634076,
        0.9289957080574431,
        0.8271680158830649,
        0.8033113637565764,
        0.7742960672328562,
        0.7900930656257902,
        0.8569054266938768,
        0.7725087439564978,
        0.7677692889669274,
        0.7743028449286209
      ],
      [
        0.7823712174716297,
        0.7497497699102467,
        0.7569257950314828,
        0.7715670391611222,
        0.7703918302770807,
        0.7672397082880251,
        0.7927018980782524,
        0.7660072923365743,
        0.7985859711589646,
        0.7704026406828892,
        0.7884733350932089,
        0.9664671360645004,
        0.7896807835706948,
        0.7666874684613857,
        0.7576333694810242,
        0.7432547125950452,
        0.8316921484396352,
        0.7789993875278031,
        0.7691478192356478,
        0.8005244772963952,
        1,
        0.7880105129736267,
        0.762005211874981,
        0.7616486284156843,
        0.7655518130006207,
        0.7745569526652092,
        0.7462003053548089,
        0.7658753981093092,
        0.7870135085725757,
        0.7863017636660535,
        0.8213269194538595,
        0.7466073728525038
      ],
      [
        0.7868229729946775,
        0.7896424543948998,
        0.7792646769013699,
        0.807631740182336,
        0.8099053416114375,
        0.8216328524949669,
        0.9171334178597994,
        0.7926372032011212,
        0.8480537862723294,
        0.8082085953740523,
        0.7992169502929728,
        0.7748387379269405,
        0.9144916433054796,
        0.7998555469719251,
        0.8134983148641742,
        0.8246260268002332,
        0.8738975001437297,
        0.8402587810166975,
        0.8052392076280088,
        0.7942686188261922,
        0.7880105129736267,
        1,
        0.8222272130849023,
        0.7734488189684318,
        0.8157148617402898,
        0.8542445566040976,
        0.7311922044351831,
        0.8299106755331146,
        0.8021045619168401,
        0.7985345250475199,
        0.7830257489771765,
        0.7882928869047701
      ],
      [
        0.8099401929596878,
        0.8877393755320506,
        0.8456842434763239,
        0.7676010331835496,
        0.8778046838369932,
        0.8650724960610496,
        0.8468989028180448,
        0.8332073291882486,
        0.8506945236113892,
        0.860168224232783,
        0.8242997397967161,
        0.7615330801502899,
        0.8333569312301,
        0.8919351601580734,
        0.8494513296818975,
        0.8677012170458698,
        0.8565788453861318,
        0.8485541678573988,
        0.8106393396947313,
        0.7938962119634076,
        0.762005211874981,
        0.8222272130849023,
        1,
        0.8029796202302022,
        0.8191262131720599,
        0.7759589056795999,
        0.7390572917615065,
        0.8367853185777355,
        0.8192235567675572,
        0.8038955584854037,
        0.7483438803304385,
        0.9045268912487098
      ],
      [
        0.8662018560032364,
        0.781556787203906,
        0.7799273991812014,
        0.7635411218873424,
        0.8050660985352318,
        0.8032653566804493,
        0.8019614149228508,
        0.8027566406820174,
        0.7785057665538184,
        0.8092661670942833,
        0.8568700690479433,
        0.7709470549126335,
        0.7793530835865714,
        0.7895111904843612,
        0.8004633181380482,
        0.7624131565210819,
        0.8389051570703248,
        0.7944538286566605,
        0.7715047570860882,
        0.9289957080574431,
        0.7616486284156843,
        0.7734488189684318,
        0.8029796202302022,
        1,
        0.7953238904250495,
        0.772674505045069,
        0.7680597845584428,
        0.7917725148210721,
        0.8711543002137644,
        0.746939142410628,
        0.7419068706400659,
        0.7947089061884103
      ],
      [
        0.7880710630041402,
        0.7837858390137791,
        0.7585858949013745,
        0.7566911471926232,
        0.7844555823775604,
        0.8081673744409595,
        0.8416055077727981,
        0.7914436966819006,
        0.8963139949967157,
        0.801373129327927,
        0.8085906852711593,
        0.765906829072527,
        0.8371471122013303,
        0.7893320140449267,
        0.8171205691719365,
        0.8256346512238064,
        0.8087003766342428,
        0.8374754177077836,
        0.8027905096598114,
        0.8271680158830649,
        0.7655518130006207,
        0.8157148617402898,
        0.8191262131720599,
        0.7953238904250495,
        1,
        0.8608218105078902,
        0.7640965114303745,
        0.8000354351271043,
        0.7907639691851,
        0.8067170293183998,
        0.7511549703563778,
        0.7728470452800106
      ],
      [
        0.7599570630022617,
        0.7764640835884568,
        0.7291964134949429,
        0.7574990037923816,
        0.7618959119381153,
        0.7760170044439212,
        0.8510877942926682,
        0.7259886487690427,
        0.8271633816165526,
        0.7484043626394982,
        0.7611650732653285,
        0.779790090637175,
        0.8429811283127341,
        0.7651848368563383,
        0.788948571948212,
        0.7963814568012118,
        0.831689590809546,
        0.8038853409771333,
        0.7682648505543221,
        0.8033113637565764,
        0.7745569526652092,
        0.8542445566040976,
        0.7759589056795999,
        0.772674505045069,
        0.8608218105078902,
        1,
        0.7419148824106919,
        0.7894095269068747,
        0.7673198722077976,
        0.8475052520162852,
        0.7407854284000798,
        0.7516644493719358
      ],
      [
        0.7897419694780503,
        0.7344036013116749,
        0.756029765436769,
        0.7313622026023773,
        0.7619940393068407,
        0.7907023704164737,
        0.7449248043231406,
        0.8221733751188072,
        0.7816011641606434,
        0.8133041261822531,
        0.7908523786599576,
        0.7519387827909945,
        0.7497110096448278,
        0.7354751815139202,
        0.7844674017608004,
        0.7321544794104987,
        0.8084602636981005,
        0.7584250401642966,
        0.7856624915182089,
        0.7742960672328562,
        0.7462003053548089,
        0.7311922044351831,
        0.7390572917615065,
        0.7680597845584428,
        0.7640965114303745,
        0.7419148824106919,
        1,
        0.7745624836230128,
        0.7833375920413994,
        0.7399960742220878,
        0.7462046339010174,
        0.7238418774969502
      ],
      [
        0.8108860124443308,
        0.8241388437842281,
        0.8222595036940165,
        0.758937367688354,
        0.8492371845248486,
        0.9632459499591443,
        0.8312371342670241,
        0.8063814147085011,
        0.8342263822212634,
        0.8651213213094107,
        0.8068995783524097,
        0.757069557199735,
        0.8192315327419205,
        0.7894113983315847,
        0.978746639958749,
        0.816600312179614,
        0.9069315729446535,
        0.8487317279416313,
        0.9210496394063623,
        0.7900930656257902,
        0.7658753981093092,
        0.8299106755331146,
        0.8367853185777355,
        0.7917725148210721,
        0.8000354351271043,
        0.7894095269068747,
        0.7745624836230128,
        1,
        0.8223164435923901,
        0.7850135457845613,
        0.7738902045699472,
        0.787518831191792
      ],
      [
        0.9840385391273488,
        0.7769793422095063,
        0.8129057838453877,
        0.785683818187161,
        0.8327717300556423,
        0.8281496414775952,
        0.8326181880604886,
        0.8392731061255377,
        0.8006828172339533,
        0.89741184912809,
        0.977876391757954,
        0.7775222564417901,
        0.8253042442737286,
        0.8278119532752419,
        0.8253637031464517,
        0.7661068575095401,
        0.8869045519603872,
        0.804152584837153,
        0.8111916284660599,
        0.8569054266938768,
        0.7870135085725757,
        0.8021045619168401,
        0.8192235567675572,
        0.8711543002137644,
        0.7907639691851,
        0.7673198722077976,
        0.7833375920413994,
        0.8223164435923901,
        1,
        0.7729278867712986,
        0.7930055955457109,
        0.8147123260523716
      ],
      [
        0.7598212575788519,
        0.7714329873836213,
        0.7636364462547155,
        0.7644795744458626,
        0.7949842917812505,
        0.7688455569976089,
        0.8227248205650315,
        0.7604691148876225,
        0.8263669171602583,
        0.7934822107027651,
        0.7600260960078489,
        0.7928054601979769,
        0.820023707272503,
        0.7833495446378812,
        0.7868530297765605,
        0.79067197993999,
        0.8194876569018189,
        0.8187093497734382,
        0.8002525067824475,
        0.7725087439564978,
        0.7863017636660535,
        0.7985345250475199,
        0.8038955584854037,
        0.746939142410628,
        0.8067170293183998,
        0.8475052520162852,
        0.7399960742220878,
        0.7850135457845613,
        0.7729278867712986,
        1,
        0.7582872533614995,
        0.7764481490415037
      ],
      [
        0.7765418738466595,
        0.721551205081877,
        0.7309464257562823,
        0.8299253585317764,
        0.7553929785380692,
        0.7677531173894785,
        0.7792559487657665,
        0.7385647236338005,
        0.7837304198601017,
        0.7693921972903146,
        0.77892650639436,
        0.8273876270936461,
        0.7800373834901215,
        0.7573101126533854,
        0.7654973984574716,
        0.728071880376044,
        0.8014388916216199,
        0.7594012840359893,
        0.7749054646300544,
        0.7677692889669274,
        0.8213269194538595,
        0.7830257489771765,
        0.7483438803304385,
        0.7419068706400659,
        0.7511549703563778,
        0.7407854284000798,
        0.7462046339010174,
        0.7738902045699472,
        0.7930055955457109,
        0.7582872533614995,
        1,
        0.7535277227736517
      ],
      [
        0.804189143729129,
        0.8278115242594105,
        0.8127032059261109,
        0.7521629667201353,
        0.8416877571276541,
        0.8045289019518055,
        0.8199962195672837,
        0.7802167068625995,
        0.801805242873476,
        0.8155268050740742,
        0.8059579610689342,
        0.7519075842454452,
        0.8140110444088781,
        0.9572032357773923,
        0.7882832009442292,
        0.8122447047057985,
        0.8251196932586542,
        0.8162048957332004,
        0.7867519370129877,
        0.7743028449286209,
        0.7466073728525038,
        0.7882928869047701,
        0.9045268912487098,
        0.7947089061884103,
        0.7728470452800106,
        0.7516644493719358,
        0.7238418774969502,
        0.787518831191792,
        0.8147123260523716,
        0.7764481490415037,
        0.7535277227736517,
        1
      ]
    ]
  }